Converged values at load  0
Values for beam 1 
0
0
0
0
0
0
0
0
0
0
0
0
0
0
0
0
0
0
0
0
0
0
0
0
0
0
0
0
0
0
Values for beam 2 
5.13171e-55
3.24781e-70
-7.38449e-69
-2.84668e-86
9.32363e-70
-1.75223e-70
-2.14736e-39
-6.82318e-57
2.16153e-55
2.43309e-71
-1.24535e-55
-1.84057e-57
-1.17539e-72
-8.63068e-71
4.68723e-55
2.05213e-71
-2.91339e-56
9.46604e-57
-2.14736e-39
5.00936e-57
2.5257e-55
1.9393e-71
1.56699e-55
-1.84057e-57
-3.40246e-88
-6.86359e-72
-3.55863e-70
1.74667e-86
-7.76969e-71
6.47474e-72
Converged values at load  10
Values for beam 1 
1.06241e-32
-1.19616e-18
5.94763e-36
2.14611e-34
2.22359e-35
-1.55039e-19
1.69286e-22
3.37502e-05
-9.61586e-22
2.59558e-21
5.39298e-22
1.875e-05
-1.61162e-22
6.75005e-05
-1.66223e-21
5.09271e-21
-2.0873e-22
2.04237e-19
2.72737e-24
3.37502e-05
-7.00674e-22
5.13669e-21
-4.58105e-22
-1.875e-05
1.27063e-38
-1.99066e-21
2.06415e-37
-5.7883e-36
5.661e-38
-5.08114e-21
Values for beam 2 
7.98549e-32
1.08298e-18
1.3698e-35
1.98813e-34
1.50564e-35
2.13179e-19
6.78641e-23
-3.37502e-05
-1.19019e-22
-2.80376e-21
7.36301e-23
-1.875e-05
-1.99491e-22
-6.75005e-05
3.10777e-24
-5.38416e-21
-1.92888e-22
-1.88123e-19
-1.84048e-22
-3.37502e-05
1.22091e-22
-5.40732e-21
7.54238e-23
1.875e-05
-1.53788e-33
-4.72846e-20
6.58512e-37
-7.76848e-36
-4.8576e-37
-1.16279e-19
Converged values at load  20
Values for beam 1 
-8.55541e-24
3.16671e-19
-1.47288e-35
1.83409e-34
4.21079e-35
-1.35659e-19
4.80862e-22
6.75005e-05
-8.79188e-22
3.00137e-21
3.83973e-22
3.75e-05
1.43273e-21
0.000135001
4.35212e-24
3.3764e-21
-1.41015e-21
-3.80777e-20
7.03606e-22
6.75005e-05
8.83495e-22
2.21746e-21
3.86495e-22
-3.75e-05
1.27063e-38
-1.63508e-22
6.88049e-38
-5.7883e-36
1.90122e-37
-7.53885e-21
Values for beam 2 
-1.21793e-23
6.4808e-19
1.42542e-34
3.01651e-34
6.96512e-35
1.55039e-19
5.56689e-22
-6.75005e-05
-1.95526e-21
-6.77074e-22
1.16311e-21
-3.75e-05
1.65719e-21
-0.000135001
-3.32823e-21
-4.81668e-21
-4.65789e-22
-9.07854e-20
6.4788e-22
-6.75005e-05
-1.37303e-21
-3.37481e-21
-8.33908e-22
3.75e-05
7.70925e-25
-1.64994e-20
-1.9523e-37
-6.09745e-36
-2.10671e-36
-9.68996e-20
Converged values at load  30
Values for beam 1 
-2.97237e-23
1.53064e-18
1.99529e-35
1.41948e-34
1.06791e-34
-6.39537e-19
9.28578e-22
0.000101251
-8.44458e-22
-1.76795e-21
3.11131e-22
5.625e-05
2.00182e-21
0.000202501
5.11939e-22
-5.09835e-21
-1.76077e-21
-5.14277e-20
2.53653e-21
0.000101251
1.3565e-21
-2.3756e-21
6.18417e-22
-5.625e-05
1.27063e-38
-3.46879e-21
8.02786e-37
-5.7883e-36
3.70393e-37
-4.48957e-21
Values for beam 2 
-1.20076e-23
1.92718e-18
1.23134e-34
3.22953e-34
5.87365e-35
-3.29458e-19
1.41153e-21
-0.000101251
-1.7074e-21
4.9076e-21
1.34558e-21
-5.625e-05
2.04192e-21
-0.000202501
-5.63836e-21
3.21619e-21
1.7788e-21
-1.93642e-19
2.15896e-21
-0.000101251
-3.9309e-21
1.16035e-21
-2.03728e-21
5.625e-05
1.18347e-24
-4.52819e-20
-6.53654e-37
-3.52126e-36
-3.02157e-36
-1.16279e-19
Converged values at load  40
Values for beam 1 
-4.71539e-23
5.89521e-19
1.52196e-34
1.80948e-34
2.19112e-34
-9.88375e-19
-1.442e-21
0.000135001
-8.26586e-21
3.63269e-21
4.75481e-21
7.5e-05
1.29481e-21
0.000270002
-1.33202e-20
1.85792e-21
-2.56918e-21
1.96839e-19
1.49623e-21
0.000135001
-5.05438e-21
3.2748e-21
-3.23752e-21
-7.5e-05
1.27063e-38
-1.4935e-21
5.82756e-37
-5.7883e-36
4.10974e-37
-6.86007e-21
Values for beam 2 
-3.057e-24
1.26205e-18
2.84627e-35
4.15258e-34
6.60677e-35
-7.17056e-19
-3.05082e-21
-0.000135001
-6.78947e-21
-9.95819e-21
4.30193e-21
-7.5e-05
5.3464e-23
-0.000270002
-1.44667e-20
-1.55166e-20
7.105e-22
7.68118e-20
1.33605e-22
-0.000135001
-7.6776e-21
-1.25505e-20
-4.37885e-21
7.5e-05
2.58001e-24
-1.46438e-20
1.24605e-36
3.57758e-36
-1.54217e-36
-9.68991e-20
Converged values at load  50
Values for beam 1 
-1.30499e-22
1.76007e-18
3.70279e-34
6.17735e-35
2.56741e-34
-1.68605e-18
1.74705e-22
0.000168751
-6.69024e-21
3.04455e-21
3.15428e-21
9.375e-05
1.58534e-22
0.000337502
-7.68301e-21
3.36246e-21
-4.55788e-21
1.91424e-19
5.96718e-22
0.000168751
-9.92883e-22
1.06739e-21
-1.45571e-21
-9.375e-05
1.27063e-38
-3.97246e-21
7.66236e-37
-5.7883e-36
-3.7025e-37
-8.80828e-21
Values for beam 2 
-8.23876e-23
1.75664e-18
6.6873e-36
3.72656e-34
1.00775e-35
-1.70543e-18
-4.02446e-21
-0.000168751
-8.50305e-21
-1.40477e-21
5.24299e-21
-9.375e-05
-4.35629e-21
-0.000337502
-1.67798e-20
-3.06531e-21
-1.80943e-22
2.76072e-19
-3.74557e-21
-0.000168751
-8.27687e-21
-2.68333e-21
-4.82508e-21
9.375e-05
3.18459e-24
-2.91752e-20
1.59877e-36
3.9221e-36
1.66857e-36
-1.5504e-19
Converged values at load  60
Values for beam 1 
-2.32661e-22
2.77522e-18
5.84721e-34
-5.30845e-35
1.78914e-34
-1.58915e-18
3.99835e-21
0.000202501
-1.3969e-20
7.37832e-21
7.31737e-21
0.0001125
5.45421e-21
0.000405003
-1.71597e-20
1.12652e-20
-8.62233e-21
1.22052e-20
3.90494e-21
0.000202501
-3.19113e-21
7.83452e-21
-2.97928e-21
-0.0001125
1.27063e-38
-5.95001e-21
-1.20629e-36
-5.7883e-36
-1.19035e-36
-1.18585e-20
Values for beam 2 
-2.96421e-23
2.93341e-18
4.32955e-34
5.80344e-34
4.1373e-34
-2.05427e-18
7.55482e-22
-0.000202501
-1.43259e-20
-2.28378e-21
9.11283e-21
-0.0001125
2.52075e-21
-0.000405003
-3.24089e-20
-2.65931e-21
3.00575e-21
2.01891e-19
-2.04481e-22
-0.000202501
-1.80831e-20
-2.48052e-21
-1.03328e-20
0.0001125
-3.39086e-27
-2.30451e-21
-3.12678e-36
3.83874e-36
2.81886e-36
-9.69002e-20
Converged values at load  70
Values for beam 1 
-2.45353e-22
4.70626e-18
3.89532e-34
-7.88246e-35
2.29893e-34
-2.32559e-18
1.23103e-20
0.000236252
-1.80256e-20
1.00801e-21
9.39346e-21
0.00013125
2.12092e-20
0.000472503
-2.38225e-20
-8.76227e-22
-9.78298e-21
-9.31976e-20
1.64416e-20
0.000236252
-5.79689e-21
-3.40397e-22
-4.90007e-21
-0.00013125
1.27063e-38
-2.64044e-21
-2.68345e-36
-5.7883e-36
-1.15795e-36
-7.45457e-21
Values for beam 2 
3.09478e-23
2.95047e-18
3.61474e-34
4.11708e-34
4.20995e-34
-2.22869e-18
8.69747e-21
-0.000236252
-1.72713e-20
3.77706e-21
1.12508e-20
-0.00013125
1.75695e-20
-0.000472503
-4.24052e-20
3.23708e-21
6.29001e-21
3.25709e-19
1.13073e-20
-0.000236252
-2.51338e-20
1.17884e-21
-1.41921e-20
0.00013125
-1.59623e-24
5.19125e-20
-6.29115e-36
-1.0319e-36
9.16434e-36
-5.81391e-20
Converged values at load  80
Values for beam 1 
-1.80122e-22
4.55702e-18
9.28047e-34
-1.49916e-34
2.70607e-34
-2.53877e-18
1.06035e-20
0.000258511
-9.73681e-21
-3.26131e-21
3.93752e-21
0.000143616
2.29536e-20
0.000517023
-1.60894e-22
-6.25753e-21
-1.54504e-20
-1.48521e-19
1.75288e-20
0.000258511
9.57623e-21
-4.78346e-21
3.84153e-21
-0.000143616
1.27063e-38
-1.15229e-20
-3.0726e-36
-5.7883e-36
-5.4746e-36
-4.89249e-21
Values for beam 2 
-1.37944e-22
4.30632e-19
3.03012e-34
3.64224e-34
6.74121e-34
-1.65699e-18
6.48906e-21
-0.000258511
-1.07536e-20
2.14524e-21
7.30626e-21
-0.000143616
2.01708e-20
-0.000517023
-3.01061e-20
5.18664e-21
6.87902e-21
5.82672e-19
1.49133e-20
-0.000258511
-1.93523e-20
1.61294e-21
-1.07571e-20
0.000143616
-3.43706e-24
7.25784e-20
-1.6584e-35
5.6753e-37
2.51763e-35
-1.93807e-20
Converged values at load  90
Values for beam 1 
-2.83219e-22
4.64287e-18
8.30151e-34
-2.13196e-34
5.41593e-34
-2.81978e-18
1.56e-20
0.000272873
1.0254e-21
-5.07522e-21
-2.41855e-21
0.000151595
3.13957e-20
0.000545746
1.96035e-20
-7.18041e-21
-1.40424e-20
-3.77168e-20
2.53021e-20
0.000272873
1.85785e-20
-5.62734e-21
9.34429e-21
-0.000151595
1.27063e-38
-1.40433e-20
-4.18952e-36
-5.7883e-36
-6.37218e-36
-9.23354e-21
Values for beam 2 
-1.27638e-22
2.00393e-19
-5.1875e-34
2.91111e-34
3.04813e-34
-1.44381e-18
9.25778e-21
-0.000272873
-1.25101e-20
8.75773e-23
8.11195e-21
-0.000151595
2.41745e-20
-0.000545746
-3.34372e-20
-9.2763e-22
6.7336e-21
6.13608e-19
1.91249e-20
-0.000272873
-2.09271e-20
-1.91469e-21
-1.19505e-20
0.000151595
-5.07979e-24
8.9954e-20
-7.99278e-36
1.29825e-36
3.92313e-35
9.68916e-21
Converged values at load  100
Values for beam 1 
-2.51732e-22
4.25101e-18
1.0706e-33
-1.99567e-34
1.12417e-33
-2.5097e-18
1.64123e-20
0.000287235
1.44502e-20
-3.40545e-21
-1.13151e-20
0.000159574
3.49871e-20
0.00057447
5.73515e-20
-5.48012e-22
-2.27609e-20
-6.79605e-20
2.88776e-20
0.000287235
4.29013e-20
6.07601e-22
2.30959e-20
-0.000159574
1.27063e-38
-1.0242e-20
-2.13981e-35
-5.7883e-36
-5.87362e-36
-5.7607e-21
Values for beam 2 
-1.52429e-22
1.49229e-19
4.1567e-34
2.92498e-34
8.12131e-34
-1.32753e-18
8.01869e-21
-0.000287235
-6.0919e-21
-7.16113e-22
5.11661e-21
-0.000159574
2.58797e-20
-0.00057447
-2.26385e-20
-3.1357e-22
8.36375e-21
5.77763e-19
2.08184e-20
-0.000287235
-1.65466e-20
-9.16131e-23
-8.46654e-21
0.000159574
-2.15689e-24
7.43472e-20
4.1618e-36
1.38479e-36
2.98183e-35
-9.6923e-21
5e-22
-8.96894e-21
7.81312e-05
1.18777e-24
-3.51533e-20
3.50177e-36
8.1515e-36
-6.22227e-36
-7.75185e-20
