U 312
0
0
0
0
0
0
3.02266e-18
0.0102151
-0.100503
-0.126312
1.50796e-17
5.59263e-19
-5.75879e-18
0.0119339
-0.285828
-0.155074
1.91469e-17
-1.97645e-18
2.85208e-17
0.015395
-0.455876
-0.0971205
1.27708e-17
-4.12163e-17
5.54541e-17
0.0271681
-0.505
0.065607
2.70809e-17
-8.08519e-18
1.15967e-16
0.0244422
-0.307818
0.22408
-2.45692e-17
-7.91373e-17
1.75991e-16
-2.90914e-16
1.74325e-16
0.271214
-7.27282e-17
-4.18284e-17
1.81697e-16
-0.0244422
0.307818
0.22408
-1.32606e-16
2.48051e-18
1.74255e-16
-0.0271681
0.505
0.065607
-1.91741e-16
-3.79641e-17
1.78448e-16
-0.015395
0.455876
-0.0971205
-1.74031e-16
3.59011e-17
1.1537e-16
-0.0119339
0.285828
-0.155074
-1.31775e-16
8.00205e-17
4.47954e-17
-0.0102151
0.100503
-0.126312
-6.5281e-17
6.52019e-17
0
0
0
0
0
0