Iteration 12
1.66059e-14
1.85145e-14
4.51004e-14
2.41878e-14
1.57655e-14
2.24341e-14
0
6.42379e-14
Iteration 13
0.0124933
0.0153789
0.0163885
0.0166162
0.0117663
0.0127132
0
0.0114152
Iteration 14
0.021767
0.0398419
0.0222376
0.0401913
0.0242791
0.0300115
0
0.0220127
Iteration 15
0.0346753
0.0605819
0.0378956
0.0609802
0.0419852
0.0491877
0
0.0325291
Iteration 16
0.0453581
0.0752968
0.0469985
0.0758515
0.0591703
0.0669886
0
0.0430425
Iteration 17
0.0579861
0.0913064
0.0557173
0.0886425
0.0742743
0.0840618
0
0.053769
Iteration 18
0.0702159
0.106327
0.06561
0.101173
0.0880366
0.0999765
0
0.0643537
Iteration 19
0.0818988
0.120977
0.0772614
0.114219
0.100365
0.113068
0
0.0744758
Iteration 20
0.0931578
0.134522
0.0886366
0.126392
0.111682
0.125271
0
0.0844416
Iteration 21
0.104015
0.147108
0.0996785
0.137823
0.122309
0.136888
0
0.0942931
Iteration 22
0.114479
0.15881
0.11035
0.148561
0.132076
0.147633
0
0.10406
Iteration 23
0.124609
0.169795
0.120678
0.158754
0.141528
0.15817
0
0.113787
Iteration 24
0.134452
0.180188
0.130696
0.168495
0.150769
0.16862
0
0.123501
Iteration 25
0.143999
0.189985
0.140386
0.17777
0.159527
0.178574
0
0.133217
Iteration 26
0.153333
0.199374
0.149827
0.186731
0.168225
0.188602
0
0.142959
Iteration 27
0.162427
0.208303
0.158993
0.195334
0.176573
0.198263
0
0.152731
Iteration 28
0.171302
0.216819
0.167906
0.203621
0.184631
0.207603
0
0.162539
Iteration 29
0.180047
0.225126
0.176662
0.211743
0.192753
0.217146
0
0.172391
Iteration 30
0.188688
0.233288
0.185292
0.219746
0.200955
0.226916
0
0.182286
Iteration 31
0.197097
0.241006
0.193671
0.227426
0.208655
0.235962
0
0.192201
Iteration 32
0.205436
0.248656
0.201968
0.23505
0.21648
0.245275
0
0.202144
