NBEAMS
4
BEAM 1
DIA 1
NODE 13
-2.25 -6.75 5.09921e-16
-2.25 -5.61478 -0.100503
-2.25 -4.48807 -0.285828
-2.25 -3.3596 -0.455876
-2.25 -2.22283 -0.505
-2.25 -1.10056 -0.307818
-2.25 -2.90914e-16 1.74325e-16
-2.25 1.10056 0.307818
-2.25 2.22283 0.505
-2.25 3.3596 0.455876
-2.25 4.48807 0.285828
-2.25 5.61478 0.100503
-2.25 6.75 0
ELEM 12
1 1 2
1 2 3
1 3 4
1 4 5
1 5 6
1 6 7
1 7 8
1 8 9
1 9 10
1 10 11
1 11 12
1 12 13
BEAM 2
DIA 1
NODE 13
2.25 -6.75 -8.95389e-16
2.25 -5.61478 0.100503
2.25 -4.48807 0.285828
2.25 -3.3596 0.455876
2.25 -2.22283 0.505
2.25 -1.10056 0.307818
2.25 -6.1089e-17 -5.86106e-16
2.25 1.10056 -0.307818
2.25 2.22283 -0.505
2.25 3.3596 -0.455876
2.25 4.48807 -0.285828
2.25 5.61478 -0.100503
2.25 6.75 0
ELEM 12
1 1 2
1 2 3
1 3 4
1 4 5
1 5 6
1 6 7
1 7 8
1 8 9
1 9 10
1 10 11
1 11 12
1 12 13
BEAM 3
DIA 1
NODE 13
-6.75 -2.25 -2.85912e-15
-5.61478 -2.25 0.100503
-4.48807 -2.25 0.285828
-3.3596 -2.25 0.455876
-2.22283 -2.25 0.505
-1.10056 -2.25 0.307818
6.63531e-16 -2.25 1.5699e-16
1.10056 -2.25 -0.307818
2.22283 -2.25 -0.505
3.3596 -2.25 -0.455876
4.48807 -2.25 -0.285828
5.61478 -2.25 -0.100503
6.75 -2.25 0
ELEM 12
1 1 2
1 2 3
1 3 4
1 4 5
1 5 6
1 6 7
1 7 8
1 8 9
1 9 10
1 10 11
1 11 12
1 12 13
BEAM 4
DIA 1
NODE 13
-6.75 2.25 3.48353e-16
-5.61478 2.25 -0.100503
-4.48807 2.25 -0.285828
-3.3596 2.25 -0.455876
-2.22283 2.25 -0.505
-1.10056 2.25 -0.307818
4.67982e-16 2.25 -7.53692e-16
1.10056 2.25 0.307818
2.22283 2.25 0.505
3.3596 2.25 0.455876
4.48807 2.25 0.285828
5.61478 2.25 0.100503
6.75 2.25 0
ELEM 12
1 1 2
1 2 3
1 3 4
1 4 5
1 5 6
1 6 7
1 7 8
1 8 9
1 9 10
1 10 11
1 11 12
1 12 13
 16 17
BEAM 4
DIA 1
NODE 17
-9 -4.5 6.1739e-16
-7.861 -4.5 0.103132
-6.73052 -4.5 0.290711
-5.59811 -4.5 0.461099
-4.45753 -4.5 0.505
-3.33466 -4.5 0.287266
-2.23411 -4.5 -0.0373634
-1.1298 -4.5 -0.34553
3.0754e-16 -4.5 -0.505
1.1298 -4.5 -0.34553
2.23411 -4.5 -0.0373634
3.33466 -4.5 0.287266
4.45753 -4.5 0.505
5.59811 -4.5 0.461099
6.73052 -4.5 0.290711
7.861 -4.5 0.103132
9 -4.5 0
ELEM 16
1 1 2
1 2 3
1 3 4
1 4 5
1 5 6
1 6 7
1 7 8
1 8 9
1 9 10
1 10 11
1 11 12
1 12 13
1 13 14
1 14 15
1 15 16
1 16 17
BEAM 5
DIA 1
NODE 17
-9 8.13898e-27 1.13489e-15
-7.861 -6.79618e-17 -0.103132
-6.73052 -6.01564e-17 -0.290711
-5.59811 1.10686e-16 -0.461099
-4.45753 1.2542e-16 -0.505
-3.33466 2.83179e-17 -0.287266
-2.23411 -9.59229e-17 0.0373634
-1.1298 -3.02846e-16 0.34553
-4.92905e-16 -4.47308e-16 0.505
1.1298 -4.07118e-16 0.34553
2.23411 -2.34163e-16 0.0373634
3.33466 3.50795e-17 -0.287266
4.45753 2.65425e-16 -0.505
5.59811 2.66804e-16 -0.461099
6.73052 1.91974e-16 -0.290711
7.861 8.26546e-17 -0.103132
9 0 0
ELEM 16
1 1 2
1 2 3
1 3 4
1 4 5
1 5 6
1 6 7
1 7 8
1 8 9
1 9 10
1 10 11
1 11 12
1 12 13
1 13 14
1 14 15
1 15 16
1 16 17
BEAM 6
DIA 1
NODE 17
-9 4.5 -1.51269e-15
-7.861 4.5 0.103132
-6.73052 4.5 0.290711
-5.59811 4.5 0.461099
-4.45753 4.5 0.505
-3.33466 4.5 0.287266
-2.23411 4.5 -0.0373634
-1.1298 4.5 -0.34553
-1.96993e-15 4.5 -0.505
1.1298 4.5 -0.34553
2.23411 4.5 -0.0373634
3.33466 4.5 0.287266
4.45753 4.5 0.505
5.59811 4.5 0.461099
6.73052 4.5 0.290711
7.861 4.5 0.103132
9 4.5 0
ELEM 16
1 1 2
1 2 3
1 3 4
1 4 5
1 5 6
1 6 7
1 7 8
1 8 9
1 9 10
1 10 11
1 11 12
1 12 13
1 13 14
1 14 15
1 15 16
1 16 17
 19.1046 0.103665
-6.75 20.25 0
ELEM 36
1 1 2
1 2 3
1 3 4
1 4 5
1 5 6
1 6 7
1 7 8
1 8 9
1 9 10
1 10 11
1 11 12
1 12 13
1 13 14
1 14 15
1 15 16
1 16 17
1 17 18
1 18 19
1 19 20
1 20 21
1 21 22
1 22 23
1 23 24
1 24 25
1 25 26
1 26 27
1 27 28
1 28 29
1 29 30
1 30 31
1 31 32
1 32 33
1 33 34
1 34 35
1 35 36
1 36 37
BEAM 4
DIA 1
NODE 37
-2.25 -20.25 7.27548e-16
-2.25 -19.1046 0.103665
-2.25 -17.9674 0.289854
-2.25 -16.8285 0.459709
-2.25 -15.6816 0.505
-2.25 -14.5527 0.283438
-2.25 -13.4458 -0.0428334
-2.25 -12.3348 -0.350795
-2.25 -11.1983 -0.505
-2.25 -10.0655 -0.320216
-2.25 -8.95926 0.00740014
-2.25 -7.8523 0.331873
-2.25 -6.7184 0.505
-2.25 -5.58517 0.326611
-2.25 -4.47906 -0.00124325
-2.25 -3.37285 -0.32857
-2.25 -2.23942 -0.505
-2.25 -1.1061 -0.327813
-2.25 2.01133e-15 -1.75424e-16
-2.25 1.1061 0.327813
-2.25 2.23942 0.505
-2.25 3.37285 0.32857
-2.25 4.47906 0.00124325
-2.25 5.58517 -0.326611
-2.25 6.7184 -0.505
-2.25 7.8523 -0.331873
-2.25 8.95926 -0.00740014
-2.25 10.0655 0.320216
-2.25 11.1983 0.505
-2.25 12.3348 0.350795
-2.25 13.4458 0.0428334
-2.25 14.5527 -0.283438
-2.25 15.6816 -0.505
-2.25 16.8285 -0.459709
-2.25 17.9674 -0.289854
-2.25 19.1046 -0.103665
-2.25 20.25 0
ELEM 36
1 1 2
1 2 3
1 3 4
1 4 5
1 5 6
1 6 7
1 7 8
1 8 9
1 9 10
1 10 11
1 11 12
1 12 13
1 13 14
1 14 15
1 15 16
1 16 17
1 17 18
1 18 19
1 19 20
1 20 21
1 21 22
1 22 23
1 23 24
1 24 25
1 25 26
1 26 27
1 27 28
1 28 29
1 29 30
1 30 31
1 31 32
1 32 33
1 33 34
1 34 35
1 35 36
1 36 37
BEAM 5
DIA 1
NODE 37
2.25 -20.25 -1.96337e-15
2.25 -19.1046 -0.103665
2.25 -17.9674 -0.289854
2.25 -16.8285 -0.459709
2.25 -15.6816 -0.505
2.25 -14.5527 -0.283438
2.25 -13.4458 0.0428334
2.25 -12.3348 0.350795
2.25 -11.1983 0.505
2.25 -10.0655 0.320216
2.25 -8.95926 -0.00740014
2.25 -7.8523 -0.331873
2.25 -6.7184 -0.505
2.25 -5.58517 -0.326611
2.25 -4.47906 0.00124325
2.25 -3.37285 0.32857
2.25 -2.23942 0.505
2.25 -1.1061 0.327813
2.25 -1.82757e-15 3.34774e-16
2.25 1.1061 -0.327813
2.25 2.23942 -0.505
2.25 3.37285 -0.32857
2.25 4.47906 -0.00124325
2.25 5.58517 0.326611
2.25 6.7184 0.505
2.25 7.8523 0.331873
2.25 8.95926 0.00740014
2.25 10.0655 -0.320216
2.25 11.1983 -0.505
2.25 12.3348 -0.350795
2.25 13.4458 -0.0428334
2.25 14.5527 0.283438
2.25 15.6816 0.505
2.25 16.8285 0.459709
2.25 17.9674 0.289854
2.25 19.1046 0.103665
2.25 20.25 0
ELEM 36
1 1 2
1 2 3
1 3 4
1 4 5
1 5 6
1 6 7
1 7 8
1 8 9
1 9 10
1 10 11
1 11 12
1 12 13
1 13 14
1 14 15
1 15 16
1 16 17
1 17 18
1 18 19
1 19 20
1 20 21
1 21 22
1 22 23
1 23 24
1 24 25
1 25 26
1 26 27
1 27 28
1 28 29
1 29 30
1 30 31
1 31 32
1 32 33
1 33 34
1 34 35
1 35 36
1 36 37
BEAM 6
DIA 1
NODE 37
6.75 -20.25 1.54591e-16
6.75 -19.1046 0.103665
6.75 -17.9674 0.289854
6.75 -16.8285 0.459709
6.75 -15.6816 0.505
6.75 -14.5527 0.283438
6.75 -13.4458 -0.0428334
6.75 -12.3348 -0.350795
6.75 -11.1983 -0.505
6.75 -10.0655 -0.320216
6.75 -8.95926 0.00740014
6.75 -7.8523 0.331873
6.75 -6.7184 0.505
6.75 -5.58517 0.326611
6.75 -4.47906 -0.00124325
6.75 -3.37285 -0.32857
6.75 -2.23942 -0.505
6.75 -1.1061 -0.327813
6.75 -2.64636e-16 1.84096e-16
6.75 1.1061 0.327813
6.75 2.23942 0.505
6.75 3.37285 0.32857
6.75 4.47906 0.00124325
6.75 5.58517 -0.326611
6.75 6.7184 -0.505
6.75 7.8523 -0.331873
6.75 8.95926 -0.00740014
6.75 10.0655 0.320216
6.75 11.1983 0.505
6.75 12.3348 0.350795
6.75 13.4458 0.0428334
6.75 14.5527 -0.283438
6.75 15.6816 -0.505
6.75 16.8285 -0.459709
6.75 17.9674 -0.289854
6.75 19.1046 -0.103665
6.75 20.25 0
ELEM 36
1 1 2
1 2 3
1 3 4
1 4 5
1 5 6
1 6 7
1 7 8
1 8 9
1 9 10
1 10 11
1 11 12
1 12 13
1 13 14
1 14 15
1 15 16
1 16 17
1 17 18
1 18 19
1 19 20
1 20 21
1 21 22
1 22 23
1 23 24
1 24 25
1 25 26
1 26 27
1 27 28
1 28 29
1 29 30
1 30 31
1 31 32
1 32 33
1 33 34
1 34 35
1 35 36
1 36 37
BEAM 7
DIA 1
NODE 37
11.25 -20.25 1.17047e-15
11.25 -19.1046 -0.103665
11.25 -17.9674 -0.289854
11.25 -16.8285 -0.459709
11.25 -15.6816 -0.505
11.25 -14.5527 -0.283438
11.25 -13.4458 0.0428334
11.25 -12.3348 0.350795
11.25 -11.1983 0.505
11.25 -10.0655 0.320216
11.25 -8.95926 -0.00740014
11.25 -7.8523 -0.331873
11.25 -6.7184 -0.505
11.25 -5.58517 -0.326611
11.25 -4.47906 0.00124325
11.25 -3.37285 0.32857
11.25 -2.23942 0.505
11.25 -1.1061 0.327813
11.25 -1.38767e-15 -1.36504e-16
11.25 1.1061 -0.327813
11.25 2.23942 -0.505
11.25 3.37285 -0.32857
11.25 4.47906 -0.00124325
11.25 5.58517 0.326611
11.25 6.7184 0.505
11.25 7.8523 0.331873
11.25 8.95926 0.00740014
11.25 10.0655 -0.320216
11.25 11.1983 -0.505
11.25 12.3348 -0.350795
11.25 13.4458 -0.0428334
11.25 14.5527 0.283438
11.25 15.6816 0.505
11.25 16.8285 0.459709
11.25 17.9674 0.289854
11.25 19.1046 0.103665
11.25 20.25 0
ELEM 36
1 1 2
1 2 3
1 3 4
1 4 5
1 5 6
1 6 7
1 7 8
1 8 9
1 9 10
1 10 11
1 11 12
1 12 13
1 13 14
1 14 15
1 15 16
1 16 17
1 17 18
1 18 19
1 19 20
1 20 21
1 21 22
1 22 23
1 23 24
1 24 25
1 25 26
1 26 27
1 27 28
1 28 29
1 29 30
1 30 31
1 31 32
1 32 33
1 33 34
1 34 35
1 35 36
1 36 37
BEAM 8
DIA 1
NODE 37
15.75 -20.25 4.65595e-16
15.75 -19.1046 0.103665
15.75 -17.9674 0.289854
15.75 -16.8285 0.459709
15.75 -15.6816 0.505
15.75 -14.5527 0.283438
15.75 -13.4458 -0.0428334
15.75 -12.3348 -0.350795
15.75 -11.1983 -0.505
15.75 -10.0655 -0.320216
15.75 -8.95926 0.00740014
15.75 -7.8523 0.331873
15.75 -6.7184 0.505
15.75 -5.58517 0.326611
15.75 -4.47906 -0.00124325
15.75 -3.37285 -0.32857
15.75 -2.23942 -0.505
15.75 -1.1061 -0.327813
15.75 -2.94835e-15 2.57427e-17
15.75 1.1061 0.327813
15.75 2.23942 0.505
15.75 3.37285 0.32857
15.75 4.47906 0.00124325
15.75 5.58517 -0.326611
15.75 6.7184 -0.505
15.75 7.8523 -0.331873
15.75 8.95926 -0.00740014
15.75 10.0655 0.320216
15.75 11.1983 0.505
15.75 12.3348 0.350795
15.75 13.4458 0.0428334
15.75 14.5527 -0.283438
15.75 15.6816 -0.505
15.75 16.8285 -0.459709
15.75 17.9674 -0.289854
15.75 19.1046 -0.103665
15.75 20.25 0
ELEM 36
1 1 2
1 2 3
1 3 4
1 4 5
1 5 6
1 6 7
1 7 8
1 8 9
1 9 10
1 10 11
1 11 12
1 12 13
1 13 14
1 14 15
1 15 16
1 16 17
1 17 18
1 18 19
1 19 20
1 20 21
1 21 22
1 22 23
1 23 24
1 24 25
1 25 26
1 26 27
1 27 28
1 28 29
1 29 30
1 30 31
1 31 32
1 32 33
1 33 34
1 34 35
1 35 36
1 36 37
BEAM 9
DIA 1
NODE 37
-20.25 -15.75 -1.12898e-15
-19.1046 -15.75 0.103665
-17.9674 -15.75 0.289854
-16.8285 -15.75 0.459709
-15.6816 -15.75 0.505
-14.5527 -15.75 0.283438
-13.4458 -15.75 -0.0428334
-12.3348 -15.75 -0.350795
-11.1983 -15.75 -0.505
-10.0655 -15.75 -0.320216
-8.95926 -15.75 0.00740014
-7.8523 -15.75 0.331873
-6.7184 -15.75 0.505
-5.58517 -15.75 0.326611
-4.47906 -15.75 -0.00124325
-3.37285 -15.75 -0.32857
-2.23942 -15.75 -0.505
-1.1061 -15.75 -0.327813
-6.5267e-15 -15.75 1.38854e-16
1.1061 -15.75 0.327813
2.23942 -15.75 0.505
3.37285 -15.75 0.32857
4.47906 -15.75 0.00124325
5.58517 -15.75 -0.326611
6.7184 -15.75 -0.505
7.8523 -15.75 -0.331873
8.95926 -15.75 -0.00740014
10.0655 -15.75 0.320216
11.1983 -15.75 0.505
12.3348 -15.75 0.350795
13.4458 -15.75 0.0428334
14.5527 -15.75 -0.283438
15.6816 -15.75 -0.505
16.8285 -15.75 -0.459709
17.9674 -15.75 -0.289854
19.1046 -15.75 -0.103665
20.25 -15.75 0
ELEM 36
1 1 2
1 2 3
1 3 4
1 4 5
1 5 6
1 6 7
1 7 8
1 8 9
1 9 10
1 10 11
1 11 12
1 12 13
1 13 14
1 14 15
1 15 16
1 16 17
1 17 18
1 18 19
1 19 20
1 20 21
1 21 22
1 22 23
1 23 24
1 24 25
1 25 26
1 26 27
1 27 28
1 28 29
1 29 30
1 30 31
1 31 32
1 32 33
1 33 34
1 34 35
1 35 36
1 36 37
BEAM 10
DIA 1
NODE 37
-20.25 -11.25 -8.15362e-16
-19.1046 -11.25 -0.103665
-17.9674 -11.25 -0.289854
-16.8285 -11.25 -0.459709
-15.6816 -11.25 -0.505
-14.5527 -11.25 -0.283438
-13.4458 -11.25 0.0428334
-12.3348 -11.25 0.350795
-11.1983 -11.25 0.505
-10.0655 -11.25 0.320216
-8.95926 -11.25 -0.00740014
-7.8523 -11.25 -0.331873
-6.7184 -11.25 -0.505
-5.58517 -11.25 -0.326611
-4.47906 -11.25 0.00124325
-3.37285 -11.25 0.32857
-2.23942 -11.25 0.505
-1.1061 -11.25 0.327813
1.16793e-15 -11.25 8.62204e-17
1.1061 -11.25 -0.327813
2.23942 -11.25 -0.505
3.37285 -11.25 -0.32857
4.47906 -11.25 -0.00124325
5.58517 -11.25 0.326611
6.7184 -11.25 0.505
7.8523 -11.25 0.331873
8.95926 -11.25 0.00740014
10.0655 -11.25 -0.320216
11.1983 -11.25 -0.505
12.3348 -11.25 -0.350795
13.4458 -11.25 -0.0428334
14.5527 -11.25 0.283438
15.6816 -11.25 0.505
16.8285 -11.25 0.459709
17.9674 -11.25 0.289854
19.1046 -11.25 0.103665
20.25 -11.25 0
ELEM 36
1 1 2
1 2 3
1 3 4
1 4 5
1 5 6
1 6 7
1 7 8
1 8 9
1 9 10
1 10 11
1 11 12
1 12 13
1 13 14
1 14 15
1 15 16
1 16 17
1 17 18
1 18 19
1 19 20
1 20 21
1 21 22
1 22 23
1 23 24
1 24 25
1 25 26
1 26 27
1 27 28
1 28 29
1 29 30
1 30 31
1 31 32
1 32 33
1 33 34
1 34 35
1 35 36
1 36 37
BEAM 11
DIA 1
NODE 37
-20.25 -6.75 3.48068e-16
-19.1046 -6.75 0.103665
-17.9674 -6.75 0.289854
-16.8285 -6.75 0.459709
-15.6816 -6.75 0.505
-14.5527 -6.75 0.283438
-13.4458 -6.75 -0.0428334
-12.3348 -6.75 -0.350795
-11.1983 -6.75 -0.505
-10.0655 -6.75 -0.320216
-8.95926 -6.75 0.00740014
-7.8523 -6.75 0.331873
-6.7184 -6.75 0.505
-5.58517 -6.75 0.326611
-4.47906 -6.75 -0.00124325
-3.37285 -6.75 -0.32857
-2.23942 -6.75 -0.505
-1.1061 -6.75 -0.327813
4.4132e-15 -6.75 -3.83915e-17
1.1061 -6.75 0.327813
2.23942 -6.75 0.505
3.37285 -6.75 0.32857
4.47906 -6.75 0.00124325
5.58517 -6.75 -0.326611
6.7184 -6.75 -0.505
7.8523 -6.75 -0.331873
8.95926 -6.75 -0.00740014
10.0655 -6.75 0.320216
11.1983 -6.75 0.505
12.3348 -6.75 0.350795
13.4458 -6.75 0.0428334
14.5527 -6.75 -0.283438
15.6816 -6.75 -0.505
16.8285 -6.75 -0.459709
17.9674 -6.75 -0.289854
19.1046 -6.75 -0.103665
20.25 -6.75 0
ELEM 36
1 1 2
1 2 3
1 3 4
1 4 5
1 5 6
1 6 7
1 7 8
1 8 9
1 9 10
1 10 11
1 11 12
1 12 13
1 13 14
1 14 15
1 15 16
1 16 17
1 17 18
1 18 19
1 19 20
1 20 21
1 21 22
1 22 23
1 23 24
1 24 25
1 25 26
1 26 27
1 27 28
1 28 29
1 29 30
1 30 31
1 31 32
1 32 33
1 33 34
1 34 35
1 35 36
1 36 37
BEAM 12
DIA 1
NODE 37
-20.25 -2.25 -9.91113e-16
-19.1046 -2.25 -0.103665
-17.9674 -2.25 -0.289854
-16.8285 -2.25 -0.459709
-15.6816 -2.25 -0.505
-14.5527 -2.25 -0.283438
-13.4458 -2.25 0.0428334
-12.3348 -2.25 0.350795
-11.1983 -2.25 0.505
-10.0655 -2.25 0.320216
-8.95926 -2.25 -0.00740014
-7.8523 -2.25 -0.331873
-6.7184 -2.25 -0.505
-5.58517 -2.25 -0.326611
-4.47906 -2.25 0.00124325
-3.37285 -2.25 0.32857
-2.23942 -2.25 0.505
-1.1061 -2.25 0.327813
-1.52128e-15 -2.25 -3.21951e-17
1.1061 -2.25 -0.327813
2.23942 -2.25 -0.505
3.37285 -2.25 -0.32857
4.47906 -2.25 -0.00124325
5.58517 -2.25 0.326611
6.7184 -2.25 0.505
7.8523 -2.25 0.331873
8.95926 -2.25 0.00740014
10.0655 -2.25 -0.320216
11.1983 -2.25 -0.505
12.3348 -2.25 -0.350795
13.4458 -2.25 -0.0428334
14.5527 -2.25 0.283438
15.6816 -2.25 0.505
16.8285 -2.25 0.459709
17.9674 -2.25 0.289854
19.1046 -2.25 0.103665
20.25 -2.25 0
ELEM 36
1 1 2
1 2 3
1 3 4
1 4 5
1 5 6
1 6 7
1 7 8
1 8 9
1 9 10
1 10 11
1 11 12
1 12 13
1 13 14
1 14 15
1 15 16
1 16 17
1 17 18
1 18 19
1 19 20
1 20 21
1 21 22
1 22 23
1 23 24
1 24 25
1 25 26
1 26 27
1 27 28
1 28 29
1 29 30
1 30 31
1 31 32
1 32 33
1 33 34
1 34 35
1 35 36
1 36 37
BEAM 13
DIA 1
NODE 37
-20.25 2.25 2.4257e-15
-19.1046 2.25 0.103665
-17.9674 2.25 0.289854
-16.8285 2.25 0.459709
-15.6816 2.25 0.505
-14.5527 2.25 0.283438
-13.4458 2.25 -0.0428334
-12.3348 2.25 -0.350795
-11.1983 2.25 -0.505
-10.0655 2.25 -0.320216
-8.95926 2.25 0.00740014
-7.8523 2.25 0.331873
-6.7184 2.25 0.505
-5.58517 2.25 0.326611
-4.47906 2.25 -0.00124325
-3.37285 2.25 -0.32857
-2.23942 2.25 -0.505
-1.1061 2.25 -0.327813
2.57487e-15 2.25 -9.87398e-19
1.1061 2.25 0.327813
2.23942 2.25 0.505
3.37285 2.25 0.32857
4.47906 2.25 0.00124325
5.58517 2.25 -0.326611
6.7184 2.25 -0.505
7.8523 2.25 -0.331873
8.95926 2.25 -0.00740014
10.0655 2.25 0.320216
11.1983 2.25 0.505
12.3348 2.25 0.350795
13.4458 2.25 0.0428334
14.5527 2.25 -0.283438
15.6816 2.25 -0.505
16.8285 2.25 -0.459709
17.9674 2.25 -0.289854
19.1046 2.25 -0.103665
20.25 2.25 0
ELEM 36
1 1 2
1 2 3
1 3 4
1 4 5
1 5 6
1 6 7
1 7 8
1 8 9
1 9 10
1 10 11
1 11 12
1 12 13
1 13 14
1 14 15
1 15 16
1 16 17
1 17 18
1 18 19
1 19 20
1 20 21
1 21 22
1 22 23
1 23 24
1 24 25
1 25 26
1 26 27
1 27 28
1 28 29
1 29 30
1 30 31
1 31 32
1 32 33
1 33 34
1 34 35
1 35 36
1 36 37
BEAM 14
DIA 1
NODE 37
-20.25 6.75 4.58678e-16
-19.1046 6.75 -0.103665
-17.9674 6.75 -0.289854
-16.8285 6.75 -0.459709
-15.6816 6.75 -0.505
-14.5527 6.75 -0.283438
-13.4458 6.75 0.0428334
-12.3348 6.75 0.350795
-11.1983 6.75 0.505
-10.0655 6.75 0.320216
-8.95926 6.75 -0.00740014
-7.8523 6.75 -0.331873
-6.7184 6.75 -0.505
-5.58517 6.75 -0.326611
-4.47906 6.75 0.00124325
-3.37285 6.75 0.32857
-2.23942 6.75 0.505
-1.1061 6.75 0.327813
-2.6849e-15 6.75 -4.81571e-17
1.1061 6.75 -0.327813
2.23942 6.75 -0.505
3.37285 6.75 -0.32857
4.47906 6.75 -0.00124325
5.58517 6.75 0.326611
6.7184 6.75 0.505
7.8523 6.75 0.331873
8.95926 6.75 0.00740014
10.0655 6.75 -0.320216
11.1983 6.75 -0.505
12.3348 6.75 -0.350795
13.4458 6.75 -0.0428334
14.5527 6.75 0.283438
15.6816 6.75 0.505
16.8285 6.75 0.459709
17.9674 6.75 0.289854
19.1046 6.75 0.103665
20.25 6.75 0
ELEM 36
1 1 2
1 2 3
1 3 4
1 4 5
1 5 6
1 6 7
1 7 8
1 8 9
1 9 10
1 10 11
1 11 12
1 12 13
1 13 14
1 14 15
1 15 16
1 16 17
1 17 18
1 18 19
1 19 20
1 20 21
1 21 22
1 22 23
1 23 24
1 24 25
1 25 26
1 26 27
1 27 28
1 28 29
1 29 30
1 30 31
1 31 32
1 32 33
1 33 34
1 34 35
1 35 36
1 36 37
BEAM 15
DIA 1
NODE 37
-20.25 11.25 -6.78025e-17
-19.1046 11.25 0.103665
-17.9674 11.25 0.289854
-16.8285 11.25 0.459709
-15.6816 11.25 0.505
-14.5527 11.25 0.283438
-13.4458 11.25 -0.0428334
-12.3348 11.25 -0.350795
-11.1983 11.25 -0.505
-10.0655 11.25 -0.320216
-8.95926 11.25 0.00740014
-7.8523 11.25 0.331873
-6.7184 11.25 0.505
-5.58517 11.25 0.326611
-4.47906 11.25 -0.00124325
-3.37285 11.25 -0.32857
-2.23942 11.25 -0.505
-1.1061 11.25 -0.327813
8.94104e-15 11.25 4.7631e-16
1.1061 11.25 0.327813
2.23942 11.25 0.505
3.37285 11.25 0.32857
4.47906 11.25 0.00124325
5.58517 11.25 -0.326611
6.7184 11.25 -0.505
7.8523 11.25 -0.331873
8.95926 11.25 -0.00740014
10.0655 11.25 0.320216
11.1983 11.25 0.505
12.3348 11.25 0.350795
13.4458 11.25 0.0428334
14.5527 11.25 -0.283438
15.6816 11.25 -0.505
16.8285 11.25 -0.459709
17.9674 11.25 -0.289854
19.1046 11.25 -0.103665
20.25 11.25 0
ELEM 36
1 1 2
1 2 3
1 3 4
1 4 5
1 5 6
1 6 7
1 7 8
1 8 9
1 9 10
1 10 11
1 11 12
1 12 13
1 13 14
1 14 15
1 15 16
1 16 17
1 17 18
1 18 19
1 19 20
1 20 21
1 21 22
1 22 23
1 23 24
1 24 25
1 25 26
1 26 27
1 27 28
1 28 29
1 29 30
1 30 31
1 31 32
1 32 33
1 33 34
1 34 35
1 35 36
1 36 37
BEAM 16
DIA 1
NODE 37
-20.25 15.75 3.57171e-16
-19.1046 15.75 -0.103665
-17.9674 15.75 -0.289854
-16.8285 15.75 -0.459709
-15.6816 15.75 -0.505
-14.5527 15.75 -0.283438
-13.4458 15.75 0.0428334
-12.3348 15.75 0.350795
-11.1983 15.75 0.505
-10.0655 15.75 0.320216
-8.95926 15.75 -0.00740014
-7.8523 15.75 -0.331873
-6.7184 15.75 -0.505
-5.58517 15.75 -0.326611
-4.47906 15.75 0.00124325
-3.37285 15.75 0.32857
-2.23942 15.75 0.505
-1.1061 15.75 0.327813
-3.17328e-15 15.75 5.18218e-17
1.1061 15.75 -0.327813
2.23942 15.75 -0.505
3.37285 15.75 -0.32857
4.47906 15.75 -0.00124325
5.58517 15.75 0.326611
6.7184 15.75 0.505
7.8523 15.75 0.331873
8.95926 15.75 0.00740014
10.0655 15.75 -0.320216
11.1983 15.75 -0.505
12.3348 15.75 -0.350795
13.4458 15.75 -0.0428334
14.5527 15.75 0.283438
15.6816 15.75 0.505
16.8285 15.75 0.459709
17.9674 15.75 0.289854
19.1046 15.75 0.103665
20.25 15.75 0
ELEM 36
1 1 2
1 2 3
1 3 4
1 4 5
1 5 6
1 6 7
1 7 8
1 8 9
1 9 10
1 10 11
1 11 12
1 12 13
1 13 14
1 14 15
1 15 16
1 16 17
1 17 18
1 18 19
1 19 20
1 20 21
1 21 22
1 22 23
1 23 24
1 24 25
1 25 26
1 26 27
1 27 28
1 28 29
1 29 30
1 30 31
1 31 32
1 32 33
1 33 34
1 34 35
1 35 36
1 36 37
