NBEAMS
8
BEAM 1
AXIS
0 1 0
DIA 1
NODE 21
-6.75 -11.25 2.22374e-15
-6.75 -10.1087 -0.103574
-6.75 -8.9758 -0.290975
-6.75 -7.84101 -0.461247
-6.75 -6.69814 -0.505
-6.75 -5.57347 -0.283821
-6.75 -4.47104 0.0432072
-6.75 -3.36436 0.35142
-6.75 -2.23188 0.505
-6.75 -1.10259 0.32499
-6.75 -8.22805e-16 3.33898e-16
-6.75 1.10259 -0.32499
-6.75 2.23188 -0.505
-6.75 3.36436 -0.35142
-6.75 4.47104 -0.0432072
-6.75 5.57347 0.283821
-6.75 6.69814 0.505
-6.75 7.84101 0.461247
-6.75 8.9758 0.290975
-6.75 10.1087 0.103574
-6.75 11.25 0
ELEM 20
1 1 2
1 2 3
1 3 4
1 4 5
1 5 6
1 6 7
1 7 8
1 8 9
1 9 10
1 10 11
1 11 12
1 12 13
1 13 14
1 14 15
1 15 16
1 16 17
1 17 18
1 18 19
1 19 20
1 20 21
END
BEAM 2
AXIS
0 1 0
DIA 1
NODE 21
-2.25 -11.25 -1.06425e-15
-2.25 -10.1087 0.103574
-2.25 -8.9758 0.290975
-2.25 -7.84101 0.461247
-2.25 -6.69814 0.505
-2.25 -5.57347 0.283821
-2.25 -4.47104 -0.0432072
-2.25 -3.36436 -0.35142
-2.25 -2.23188 -0.505
-2.25 -1.10259 -0.32499
-2.25 6.70811e-16 1.11787e-16
-2.25 1.10259 0.32499
-2.25 2.23188 0.505
-2.25 3.36436 0.35142
-2.25 4.47104 0.0432072
-2.25 5.57347 -0.283821
-2.25 6.69814 -0.505
-2.25 7.84101 -0.461247
-2.25 8.9758 -0.290975
-2.25 10.1087 -0.103574
-2.25 11.25 0
ELEM 20
1 1 2
1 2 3
1 3 4
1 4 5
1 5 6
1 6 7
1 7 8
1 8 9
1 9 10
1 10 11
1 11 12
1 12 13
1 13 14
1 14 15
1 15 16
1 16 17
1 17 18
1 18 19
1 19 20
1 20 21
END
BEAM 3
AXIS
0 1 0
DIA 1
NODE 21
2.25 -11.25 -1.18006e-15
2.25 -10.1087 -0.103574
2.25 -8.9758 -0.290975
2.25 -7.84101 -0.461247
2.25 -6.69814 -0.505
2.25 -5.57347 -0.283821
2.25 -4.47104 0.0432072
2.25 -3.36436 0.35142
2.25 -2.23188 0.505
2.25 -1.10259 0.32499
2.25 -2.77577e-15 1.15533e-16
2.25 1.10259 -0.32499
2.25 2.23188 -0.505
2.25 3.36436 -0.35142
2.25 4.47104 -0.0432072
2.25 5.57347 0.283821
2.25 6.69814 0.505
2.25 7.84101 0.461247
2.25 8.9758 0.290975
2.25 10.1087 0.103574
2.25 11.25 0
ELEM 20
1 1 2
1 2 3
1 3 4
1 4 5
1 5 6
1 6 7
1 7 8
1 8 9
1 9 10
1 10 11
1 11 12
1 12 13
1 13 14
1 14 15
1 15 16
1 16 17
1 17 18
1 18 19
1 19 20
1 20 21
END
BEAM 3
AXIS
0 1 0
DIA 1
NODE 21
6.75 -11.25 -1.24756e-15
6.75 -10.1087 0.103574
6.75 -8.9758 0.290975
6.75 -7.84101 0.461247
6.75 -6.69814 0.505
6.75 -5.57347 0.283821
6.75 -4.47104 -0.0432072
6.75 -3.36436 -0.35142
6.75 -2.23188 -0.505
6.75 -1.10259 -0.32499
6.75 1.56967e-15 -8.37245e-17
6.75 1.10259 0.32499
6.75 2.23188 0.505
6.75 3.36436 0.35142
6.75 4.47104 0.0432072
6.75 5.57347 -0.283821
6.75 6.69814 -0.505
6.75 7.84101 -0.461247
6.75 8.9758 -0.290975
6.75 10.1087 -0.103574
6.75 11.25 0
ELEM 20
1 1 2
1 2 3
1 3 4
1 4 5
1 5 6
1 6 7
1 7 8
1 8 9
1 9 10
1 10 11
1 11 12
1 12 13
1 13 14
1 14 15
1 15 16
1 16 17
1 17 18
1 18 19
1 19 20
1 20 21
END
BEAM 5
AXIS
1 0 0
DIA 1
NODE 21
-11.25 -6.75 -2.17305e-15
-10.1087 -6.75 0.103574
-8.9758 -6.75 0.290975
-7.84101 -6.75 0.461247
-6.69814 -6.75 0.505
-5.57347 -6.75 0.283821
-4.47104 -6.75 -0.0432072
-3.36436 -6.75 -0.35142
-2.23188 -6.75 -0.505
-1.10259 -6.75 -0.32499
2.20652e-15 -6.75 -1.87705e-16
1.10259 -6.75 0.32499
2.23188 -6.75 0.505
3.36436 -6.75 0.35142
4.47104 -6.75 0.0432072
5.57347 -6.75 -0.283821
6.69814 -6.75 -0.505
7.84101 -6.75 -0.461247
8.9758 -6.75 -0.290975
10.1087 -6.75 -0.103574
11.25 -6.75 0
ELEM 20
1 1 2
1 2 3
1 3 4
1 4 5
1 5 6
1 6 7
1 7 8
1 8 9
1 9 10
1 10 11
1 11 12
1 12 13
1 13 14
1 14 15
1 15 16
1 16 17
1 17 18
1 18 19
1 19 20
1 20 21
END
BEAM 6
AXIS
1 0 0
DIA 1
NODE 21
-11.25 -2.25 -1.44548e-15
-10.1087 -2.25 -0.103574
-8.9758 -2.25 -0.290975
-7.84101 -2.25 -0.461247
-6.69814 -2.25 -0.505
-5.57347 -2.25 -0.283821
-4.47104 -2.25 0.0432072
-3.36436 -2.25 0.35142
-2.23188 -2.25 0.505
-1.10259 -2.25 0.32499
9.24583e-16 -2.25 -2.66236e-16
1.10259 -2.25 -0.32499
2.23188 -2.25 -0.505
3.36436 -2.25 -0.35142
4.47104 -2.25 -0.0432072
5.57347 -2.25 0.283821
6.69814 -2.25 0.505
7.84101 -2.25 0.461247
8.9758 -2.25 0.290975
10.1087 -2.25 0.103574
11.25 -2.25 0
ELEM 20
1 1 2
1 2 3
1 3 4
1 4 5
1 5 6
1 6 7
1 7 8
1 8 9
1 9 10
1 10 11
1 11 12
1 12 13
1 13 14
1 14 15
1 15 16
1 16 17
1 17 18
1 18 19
1 19 20
1 20 21
END
BEAM 7
AXIS
1 0 0
DIA 1
NODE 21
-11.25 2.25 -5.79155e-16
-10.1087 2.25 0.103574
-8.9758 2.25 0.290975
-7.84101 2.25 0.461247
-6.69814 2.25 0.505
-5.57347 2.25 0.283821
-4.47104 2.25 -0.0432072
-3.36436 2.25 -0.35142
-2.23188 2.25 -0.505
-1.10259 2.25 -0.32499
-1.18259e-15 2.25 -5.82972e-16
1.10259 2.25 0.32499
2.23188 2.25 0.505
3.36436 2.25 0.35142
4.47104 2.25 0.0432072
5.57347 2.25 -0.283821
6.69814 2.25 -0.505
7.84101 2.25 -0.461247
8.9758 2.25 -0.290975
10.1087 2.25 -0.103574
11.25 2.25 0
ELEM 20
1 1 2
1 2 3
1 3 4
1 4 5
1 5 6
1 6 7
1 7 8
1 8 9
1 9 10
1 10 11
1 11 12
1 12 13
1 13 14
1 14 15
1 15 16
1 16 17
1 17 18
1 18 19
1 19 20
1 20 21
END
BEAM 8
AXIS
1 0 0
DIA 1
NODE 21
-11.25 6.75 -3.61762e-16
-10.1087 6.75 -0.103574
-8.9758 6.75 -0.290975
-7.84101 6.75 -0.461247
-6.69814 6.75 -0.505
-5.57347 6.75 -0.283821
-4.47104 6.75 0.0432072
-3.36436 6.75 0.35142
-2.23188 6.75 0.505
-1.10259 6.75 0.32499
-2.79224e-16 6.75 4.24284e-17
1.10259 6.75 -0.32499
2.23188 6.75 -0.505
3.36436 6.75 -0.35142
4.47104 6.75 -0.0432072
5.57347 6.75 0.283821
6.69814 6.75 0.505
7.84101 6.75 0.461247
8.9758 6.75 0.290975
10.1087 6.75 0.103574
11.25 6.75 0
ELEM 20
1 1 2
1 2 3
1 3 4
1 4 5
1 5 6
1 6 7
1 7 8
1 8 9
1 9 10
1 10 11
1 11 12
1 12 13
1 13 14
1 14 15
1 15 16
1 16 17
1 17 18
1 18 19
1 19 20
1 20 21
END