NBEAMS
4
BEAM 1
AXIS
0 1 0
DIA 1
NODE 13
-2.25 -6.75 5.09921e-16
-2.25 -5.61478 -0.100503
-2.25 -4.48807 -0.285828
-2.25 -3.3596 -0.455876
-2.25 -2.22283 -0.505
-2.25 -1.10056 -0.307818
-2.25 -2.90914e-16 1.74325e-16
-2.25 1.10056 0.307818
-2.25 2.22283 0.505
-2.25 3.3596 0.455876
-2.25 4.48807 0.285828
-2.25 5.61478 0.100503
-2.25 6.75 0
ELEM 12
1 1 2
1 2 3
1 3 4
1 4 5
1 5 6
1 6 7
1 7 8
1 8 9
1 9 10
1 10 11
1 11 12
1 12 13
END
BEAM 2
AXIS
0 1 0
DIA 1
NODE 13
2.25 -6.75 -8.95389e-16
2.25 -5.61478 0.100503
2.25 -4.48807 0.285828
2.25 -3.3596 0.455876
2.25 -2.22283 0.505
2.25 -1.10056 0.307818
2.25 -6.1089e-17 -5.86106e-16
2.25 1.10056 -0.307818
2.25 2.22283 -0.505
2.25 3.3596 -0.455876
2.25 4.48807 -0.285828
2.25 5.61478 -0.100503
2.25 6.75 0
ELEM 12
1 1 2
1 2 3
1 3 4
1 4 5
1 5 6
1 6 7
1 7 8
1 8 9
1 9 10
1 10 11
1 11 12
1 12 13
END
BEAM 3
AXIS
1 0 0
DIA 1
NODE 13
-6.75 -2.25 -2.85912e-15
-5.61478 -2.25 0.100503
-4.48807 -2.25 0.285828
-3.3596 -2.25 0.455876
-2.22283 -2.25 0.505
-1.10056 -2.25 0.307818
6.63531e-16 -2.25 1.5699e-16
1.10056 -2.25 -0.307818
2.22283 -2.25 -0.505
3.3596 -2.25 -0.455876
4.48807 -2.25 -0.285828
5.61478 -2.25 -0.100503
6.75 -2.25 0
ELEM 12
1 1 2
1 2 3
1 3 4
1 4 5
1 5 6
1 6 7
1 7 8
1 8 9
1 9 10
1 10 11
1 11 12
1 12 13
END
BEAM 4
AXIS
1 0 0
DIA 1
NODE 13
-6.75 2.25 3.48353e-16
-5.61478 2.25 -0.100503
-4.48807 2.25 -0.285828
-3.3596 2.25 -0.455876
-2.22283 2.25 -0.505
-1.10056 2.25 -0.307818
4.67982e-16 2.25 -7.53692e-16
1.10056 2.25 0.307818
2.22283 2.25 0.505
3.3596 2.25 0.455876
4.48807 2.25 0.285828
5.61478 2.25 0.100503
6.75 2.25 0
ELEM 12
1 1 2
1 2 3
1 3 4
1 4 5
1 5 6
1 6 7
1 7 8
1 8 9
1 9 10
1 10 11
1 11 12
1 12 13
END