0     0    0   0
1e-06     0.532294    -1.38157e-06   5.4604e-05
2e-06     1.06843    0.000219935   0.000127391
3e-06     1.60909    0.000791389   0.000221726
4e-06     2.15496    0.00186729   0.000341062
5e-06     2.70676    0.00362934   0.000488961
6e-06     3.26519    0.00628728   0.000669102
7e-06     3.83099    0.0100795   0.000885295
8e-06     4.4049    0.0152735   0.0011415
9e-06     4.98765    0.0221666   0.00144182
1e-05     5.58002    0.0310866   0.00179054
428813
0.0444055
0.0435139
0.0407791
0.108232
0.0406048
0.0722553
0.0408548
0.0428813
0.0444055
0.0435139
Iteration 15
0.0612619
0.156427
0.0606451
0.116858
0.0642437
0.0663977
0.0672244
0.065013
0.0612619
0.156427
0.0606451
0.116858
0.0642437
0.0663977
0.0672244
0.065013
Iteration 16
0.0811394
0.219678
0.0801418
0.186385
0.0991294
0.121565
0.150442
0.0852305
0.0811394
0.219678
0.0801418
0.186385
0.0991294
0.121565
0.150442
0.0852305
Iteration 17
0.102605
0.257968
0.0994851
0.218976
0.122106
0.143969
0.174885
0.109363
0.102605
0.257968
0.0994851
0.218976
0.122106
0.143969
0.174885
0.109363
Iteration 18
0.125814
0.290358
0.118674
0.246532
0.141897
0.165165
0.191092
0.135586
0.125814
0.290358
0.118674
0.246532
0.141897
0.165165
0.191092
0.135586
Iteration 19
0.14866
0.317409
0.137674
0.267883
0.159395
0.18341
0.201632
0.160887
0.14866
0.317409
0.137674
0.267883
0.159395
0.18341
0.201632
0.160887
Iteration 20
0.168699
0.339982
0.156535
0.282731
0.174712
0.198646
0.207727
0.183921
0.168699
0.339982
0.156535
0.282731
0.174712
0.198646
0.207727
0.183921
Iteration 21
0.189585
0.361639
0.175081
0.29983
0.191038
0.215695
0.217537
0.205397
0.189585
0.361639
0.175081
0.29983
0.191038
0.215695
0.217537
0.205397
Iteration 22
0.208541
0.38063
0.193455
0.313857
0.206787
0.231253
0.227044
0.224867
0.208541
0.38063
0.193455
0.313857
0.206787
0.231253
0.227044
0.224867
Iteration 23
0.22694
0.398278
0.211619
0.327472
0.222653
0.246767
0.237933
0.243071
0.22694
0.398278
0.211619
0.327472
0.222653
0.246767
0.237933
0.243071
Iteration 24
0.244928
0.414897
0.229583
0.340864
0.238623
0.262255
0.249994
0.260336
0.244928
0.414897
0.229583
0.340864
0.238623
0.262255
0.249994
0.260336
Iteration 25
0.262322
0.4303
0.24737
0.353523
0.254611
0.277457
0.262858
0.27678
0.262322
0.4303
0.24737
0.353523
0.254611
0.277457
0.262858
0.27678
Iteration 26
0.279552
0.445066
0.264977
0.366224
0.270681
0.292709
0.276546
0.292734
0.279552
0.445066
0.264977
0.366224
0.270681
0.292709
0.276546
0.292734
Iteration 27
0.296824
0.458754
0.282412
0.379055
0.28687
0.308027
0.290924
0.308359
0.296824
0.458754
0.282412
0.379055
0.28687
0.308027
0.290924
0.308359
Iteration 28
0.313705
0.467856
0.299696
0.390224
0.303159
0.322827
0.305713
0.323524
0.313705
0.467856
0.299696
0.390224
0.303159
0.322827
0.305713
0.323524
Iteration 29
0.330092
0.477475
0.316814
0.402063
0.319531
0.337934
0.320816
0.338589
0.330092
0.477475
0.316814
0.402063
0.319531
0.337934
0.320816
0.338589
Iteration 30
0.3456
0.48741
0.333785
0.414273
0.335691
0.35372
0.336823
0.35434
0.3456
0.48741
0.333785
0.414273
0.335691
0.35372
0.336823
0.35434
Iteration 31
0.360266
0.497052
0.350641
0.427022
0.35229
0.370313
0.35334
0.37076
0.360266
0.497052
0.350641
0.427022
0.35229
0.370313
0.35334
0.37076
Iteration 32
0.375855
0.507048
0.367354
0.440481
0.368901
0.386705
0.369969
0.386751
0.375855
0.507048
0.367354
0.440481
0.368901
0.386705
0.369969
0.386751
