Iteration 12
1.66059e-14
1.85145e-14
4.51004e-14
2.41878e-14
1.57655e-14
2.24341e-14
1.31243e-14
6.42379e-14
Iteration 13
0.0120047
0.013952
0.0126959
0.0121737
0.0120047
0.013952
0.0126959
0.0121737
Iteration 14
0.023033
0.0363306
0.0221539
0.0257095
0.023033
0.0363306
0.0221539
0.0257095
Iteration 15
0.035888
0.0612544
0.0368123
0.0406787
0.035888
0.0612544
0.0368123
0.0406787
Iteration 16
0.049964
0.0802365
0.0506966
0.0537927
0.049964
0.0802365
0.0506966
0.0537927
Iteration 17
0.0627683
0.096746
0.0637512
0.0657899
0.0627683
0.096746
0.0637512
0.0657899
Iteration 18
0.0745478
0.111026
0.0759811
0.0770023
0.0745478
0.111026
0.0759811
0.0770023
Iteration 19
0.0855782
0.12418
0.087539
0.0877371
0.0855782
0.12418
0.087539
0.0877371
Iteration 20
0.0961012
0.136882
0.0985987
0.0982306
0.0961012
0.136882
0.0985987
0.0982306
Iteration 21
0.106035
0.14802
0.108965
0.108513
0.106035
0.14802
0.108965
0.108513
Iteration 22
0.115753
0.15947
0.119073
0.118846
0.115753
0.15947
0.119073
0.118846
Iteration 23
0.125086
0.169899
0.128644
0.129139
0.125086
0.169899
0.128644
0.129139
Iteration 24
0.134192
0.180003
0.137871
0.139483
0.134192
0.180003
0.137871
0.139483
Iteration 25
0.143215
0.190437
0.146963
0.149986
0.143215
0.190437
0.146963
0.149986
Iteration 26
0.151922
0.199741
0.155558
0.160392
0.151922
0.199741
0.155558
0.160392
Iteration 27
0.160623
0.209562
0.164127
0.170958
0.160623
0.209562
0.164127
0.170958
Iteration 28
0.169159
0.218925
0.172435
0.181476
0.169159
0.218925
0.172435
0.181476
Iteration 29
0.177552
0.227889
0.180529
0.19191
0.177552
0.227889
0.180529
0.19191
Iteration 30
0.18591
0.237012
0.188575
0.202358
0.18591
0.237012
0.188575
0.202358
Iteration 31
0.194157
0.245817
0.196475
0.212677
0.194157
0.245817
0.196475
0.212677
Iteration 32
0.202391
0.254842
0.204371
0.222985
0.202391
0.254842
0.204371
0.222985
